# edges[] has already been defined to the edge list as before
# n already set to 22, the number of vertices
# deg[i] already set to the degree of vertex i

A = np.array(np.zeros((n,n)))
# Insert code here to fill
# the nxn matrix A with
# the Laplacian matrix for
# the graph represented by
# the edge-list in array edges
 
A = np.array([


[1,(-1)/3,(-1)/3,0,0,0,(-1)/3,0,0,0,0,0,0,0,0,0,0,0,0,0,0,0],
[(-1)/3,1,0,(-1)/3,0,0,0,0,0,(-1)/3,0,0,0,0,0,0,0,0,0,0,0,0],
[(-1)/4,0,1,0,(-1)/4,0,0,0,0,0,(-1)/4,0,0,0,(-1)/4,0,0,0,0,0,0,0],
[0,(-1)/4,0,1,0,(-1)/4,0,0,0,0,0,0,0,(-1)/4,0,0,0,(-1)/4,0,0,0,0],
[0,0,(-1)/3,0,1,(-1)/3,0,0,0,0,0,0,0,0,0,0,0,0,(-1)/3,0,0,0],
[0,0,0,(-1)/3,(-1)/3,1,0,0,0,0,0,0,0,0,0,0,0,0,0,0,0,(-1)/3],
[(-1)/3,0,0,0,0,0,1,(-1)/3,0,0,(-1)/3,0,0,0,0,0,0,0,0,0,0,0],
[0,0,0,0,0,0,(-1)/2,1,(-1)/2,0,0,0,0,0,0,0,0,0,0,0,0,0],
[0,0,0,0,0,0,0,(-1)/2,1,(-1)/2,0,0,0,0,0,0,0,0,0,0,0,0],
[0,(-1)/3,0,0,0,0,0,0,(-1)/3,1,0,0,0,(-1)/3,0,0,0,0,0,0,0,0],
[0,0,(-1)/3,0,0,0,(-1)/3,0,0,0,1,(-1)/3,0,0,0,0,0,0,0,0,0,0],
[0,0,0,0,0,0,0,0,0,0,(-1)/3,1,(-1)/3,0,0,(-1)/3,0,0,0,0,0,0],
[0,0,0,0,0,0,0,0,0,0,0,(-1)/3,1,(-1)/3,0,0,(-1)/3,0,0,0,0,0],
[0,0,0,(-1)/3,0,0,0,0,0,(-1)/3,0,0,(-1)/3,1,0,0,0,0,0,0,0,0],
[0,0,(-1)/3,0,0,0,0,0,0,0,0,0,0,0,1,(-1)/3,0,0,(-1)/3,0,0,0],
[0,0,0,0,0,0,0,0,0,0,0,(-1)/3,0,0,(-1)/3,1,(-1)/3,0,0,0,0,0],
[0,0,0,0,0,0,0,0,0,0,0,0,(-1)/3,0,0,(-1)/3,1,(-1)/3,0,0,0,0],
[0,0,0,(-1)/3,0,0,0,0,0,0,0,0,0,0,0,0,(-1)/3,1,0,0,0,(-1)/3],
[0,0,0,0,(-1)/3,0,0,0,0,0,0,0,0,0,(-1)/3,0,0,0,1,(-1)/3,0,0],
[0,0,0,0,0,0,0,0,0,0,0,0,0,0,0,0,0,0,(-1)/2,1,(-1)/2,0],
[0,0,0,0,0,0,0,0,0,0,0,0,0,0,0,0,0,0,0,(-1)/2,1,(-1)/2],
[0,0,0,0,0,(-1)/3,0,0,0,0,0,0,0,0,0,0,0,(-1)/3,0,0,(-1)/3,1]



             ])
