
A = np.array([
[1,0,0,0,0,0,0,0,0,0,0,0,0,0,0,0,0,0,0,0,0,0],
[0,1,0,0,0,0,0,0,0,0,0,0,0,0,0,0,0,0,0,0,0,0],
[0,0,1,0,0,0,0,0,0,0,0,0,0,0,0,0,0,0,0,0,0,0],
[0,0,0,1,0,0,0,0,0,0,0,0,0,0,0,0,0,0,0,0,0,0],
[0,0,0,0,1,0,0,0,0,0,0,0,0,0,0,0,0,0,0,0,0,0],
[0,0,0,0,0,1,0,0,0,0,0,0,0,0,0,0,0,0,0,0,0,0],
[(-1)/3,0,0,0,0,0,1,(-1)/3,0,0,(-1)/3,0,0,0,0,0,0,0,0,0,0,0],
[0,0,0,0,0,0,(-1)/2,1,(-1)/2,0,0,0,0,0,0,0,0,0,0,0,0,0],
[0,0,0,0,0,0,0,(-1)/2,1,(-1)/2,0,0,0,0,0,0,0,0,0,0,0,0],
[0,(-1)/3,0,0,0,0,0,0,(-1)/3,1,0,0,0,(-1)/3,0,0,0,0,0,0,0,0],
[0,0,(-1)/3,0,0,0,(-1)/3,0,0,0,1,(-1)/3,0,0,0,0,0,0,0,0,0,0],
[0,0,0,0,0,0,0,0,0,0,(-1)/3,1,(-1)/3,0,0,(-1)/3,0,0,0,0,0,0],
[0,0,0,0,0,0,0,0,0,0,0,(-1)/3,1,(-1)/3,0,0,(-1)/3,0,0,0,0,0],
[0,0,0,(-1)/3,0,0,0,0,0,(-1)/3,0,0,(-1)/3,1,0,0,0,0,0,0,0,0],
[0,0,(-1)/3,0,0,0,0,0,0,0,0,0,0,0,1,(-1)/3,0,0,(-1)/3,0,0,0],
[0,0,0,0,0,0,0,0,0,0,0,(-1)/3,0,0,(-1)/3,1,(-1)/3,0,0,0,0,0],
[0,0,0,0,0,0,0,0,0,0,0,0,(-1)/3,0,0,(-1)/3,1,(-1)/3,0,0,0,0],
[0,0,0,(-1)/3,0,0,0,0,0,0,0,0,0,0,0,0,(-1)/3,1,0,0,0,(-1)/3],
[0,0,0,0,(-1)/3,0,0,0,0,0,0,0,0,0,(-1)/3,0,0,0,1,(-1)/3,0,0],
[0,0,0,0,0,0,0,0,0,0,0,0,0,0,0,0,0,0,(-1)/2,1,(-1)/2,0],
[0,0,0,0,0,0,0,0,0,0,0,0,0,0,0,0,0,0,0,(-1)/2,1,(-1)/2],
[0,0,0,0,0,(-1)/3,0,0,0,0,0,0,0,0,0,0,0,(-1)/3,0,0,(-1)/3,1]
])

bx = np.array([
             [-1],
             [1],
             [-1],
             [1],
             [-1],
             [1],
             [0],
             [0],
             [0],
             [0],
             [0],
             [0],
             [0],
             [0],
             [0],
             [0],
             [0],
             [0],
             [0],
             [0],
             [0],
             [0]
             ])


x = np.linalg.solve(A,bx)

drawgraph(x,y,edges)


